wzrost wyskok szybkosc wiek skok_w_dal skok_wzwyz
195.9 40.8 21 20 1 2
190.7 45.5 34 12 1 3
197.0 51.6 13 34 3 4
176.2 55.0 23 19 2.2 2.4
178.6 49.4 17 14 1 1
162.24 30.08 20.01 10 2.49 0.96
207.54 36.30 14.70 20 2.29 1.93
190.40 46.82 29.49 18 1.96 0.51
209.09 33.01 22.44 34 1.96 1.83
158.36 58.32 15.00 12 1.89 0.57
166.50 39.20 19.02 32 2.06 0.68
162.23 31.11 33.91 18 1.31 1.33
184.51 58.52 20.98 16 2.01 1.60
191.47 52.50 13.42 14 2.17 0.96
196.94 48.49 31.02 21 1.36 2.19
165.52 55.44 20.02 31 2.01 0.61
204.48 53.61 12.86 29 1.91 1.61
182.05 37.11 24.47 13 1.37 2.05
156.56 26.88 27.92 25 1.23 1.34
151.49 32.47 20.97 26 0.82 0.70
174.05 49.71 33.48 23 2.25 1.51
204.42 35.73 20.72 15 2.34 1.09
162.17 38.24 16.39 29 1.48 1.46
188.33 27.58 21.03 11 1.11 0.95
174.72 58.10 34.20 11 2.33 1.13
175.53 32.92 15.64 31 1.83 1.47
161.93 35.26 25.37 23 2.01 1.79
153.50 42.92 11.20 18 0.57 1.93
203.98 26.57 23.40 34 1.97 0.71
194.02 52.93 31.34 31 0.81 1.21
160.62 26.52 22.17 11 2.09 1.17
173.28 48.42 18.86 18 2.13 1.50
159.50 51.68 17.14 23 2.40 2.42
186.20 47.09 25.92 11 1.11 1.63
202.15 29.23 13.49 29 2.39 0.57
172.81 31.51 14.13 16 1.08 1.41
170.31 41.67 27.24 28 0.94 0.65
166.58 43.62 18.30 27 1.24 1.09
176.17 46.93 17.60 27 1.62 2.08
172.03 29.98 28.09 18 1.75 1.65
194.17 58.80 26.39 25 2.00 1.20
192.51 40.74 32.73 27 1.38 1.31
174.78 59.20 30.41 32 0.60 0.85
200.88 26.71 17.25 11 1.94 2.43
175.32 47.41 32.07 31 1.03 2.04
152.54 54.10 18.03 15 1.59 2.31
176.31 52.80 34.63 15 0.67 1.78
157.01 42.67 22.63 15 2.27 1.71
174.79 40.32 28.98 19 1.95 1.62
196.10 55.96 30.66 13 1.07 1.23
158.11 25.26 18.72 20 1.13 1.25
177.48 28.14 21.84 26 0.72 2.30
160.67 52.80 28.75 34 0.75 2.39
154.99 54.52 17.73 13 1.64 2.30
150.38 41.36 34.88 34 1.82 0.85
194.66 52.27 24.35 34 0.59 1.59
200.24 53.93 13.52 26 0.77 1.65
159.56 30.68 17.10 25 1.08 1.13
162.95 43.46 31.87 26 1.33 1.30
163.76 51.02 11.50 13 0.99 1.59
161.60 45.40 18.33 18 1.33 2.25
172.71 49.54 30.42 19 0.73 1.49
195.97 38.16 13.66 33 1.05 1.59
174.32 33.71 15.39 14 2.29 1.66
169.53 35.65 24.72 34 2.18 1.22
153.84 59.16 30.62 26 0.92 1.00
208.57 30.24 15.88 13 1.60 1.49
186.92 40.11 28.20 22 1.47 1.50
198.29 43.38 17.62 27 0.55 1.09
179.85 57.62 16.50 28 0.50 1.59
153.35 29.44 24.15 15 0.74 2.44
198.65 33.32 18.07 33 1.86 0.65
183.18 37.40 11.95 12 1.16 0.77
195.22 53.08 33.89 29 1.18 2.42
178.75 47.90 13.01 32 2.31 2.01
153.45 53.38 17.07 18 2.30 1.34
209.32 56.71 26.82 32 1.08 1.75
177.32 33.90 10.10 13 1.90 0.98
183.16 45.81 30.74 16 2.39 0.96
191.81 54.85 19.45 14 1.04 0.70
167.76 29.83 18.97 33 0.65 1.63
152.00 31.30 23.24 21 0.97 1.02
162.96 40.29 21.69 28 1.22 1.03
197.12 28.29 12.69 21 2.48 1.20
195.22 45.44 21.27 18 1.51 0.58
206.66 54.83 27.91 28 2.18 2.23
180.13 27.88 10.46 22 0.89 1.49
197.11 54.99 29.47 34 2.24 1.55
195.55 37.09 26.78 33 0.85 1.90
159.70 45.16 33.91 30 1.55 1.07
171.71 49.60 34.50 26 1.62 0.67
169.48 44.65 34.12 16 2.35 1.64
174.27 35.18 30.40 28 1.97 1.15
158.67 42.24 29.69 22 2.10 0.80
156.92 46.18 18.51 12 1.43 2.39
192.43 45.59 20.76 27 2.22 1.87
187.30 29.93 20.54 33 1.22 1.02
209.00 45.52 21.82 12 2.09 2.19
184.92 39.23 29.25 14 1.06 1.58
165.03 41.12 23.50 31 1.27 0.58
158.23 38.62 29.73 32 2.42 1.58
188.59 33.22 31.46 14 2.25 0.76
184.18 40.06 20.97 21 2.05 0.95
187.17 33.51 30.06 10 1.70 0.68
201.14 36.73 29.72 26 1.99 0.88
191.21 43.35 16.06 20 1.51 1.18
154.52 53.84 34.29 26 1.69 2.13
182.03 26.40 26.23 13 1.38 2.34
155.42 51.23 32.02 12 0.52 1.57
155.92 50.47 10.20 15 1.48 1.71
188.61 45.83 25.59 14 1.83 0.90
188.86 43.00 11.27 30 2.28 0.89
199.61 31.80 15.27 34 2.42 1.68
160.46 57.91 29.91 33 0.52 1.04
160.12 34.47 21.83 25 2.25 1.23
182.91 43.91 15.92 10 0.52 1.67
195.71 59.08 10.56 31 2.13 1.99
196.89 38.38 17.27 17 1.45 1.83
166.25 53.92 25.76 21 1.64 1.52
152.39 28.86 21.09 20 1.37 1.01
165.81 40.75 30.98 23 1.59 1.31
174.39 46.69 27.63 18 0.72 1.98
200.84 43.87 16.49 29 0.69 1.80
154.30 57.28 33.77 31 1.26 2.10
191.79 30.72 29.57 20 2.47 2.08
197.48 30.67 32.41 28 2.30 1.01
200.82 57.28 31.50 24 0.59 2.43
173.89 41.06 13.33 27 2.28 0.95
154.68 31.96 25.94 34 1.85 2.42
178.59 37.82 17.68 33 1.83 1.70
153.20 37.86 30.84 17 2.35 0.82
201.73 57.26 22.74 30 2.03 1.21
200.51 57.34 15.71 32 0.87 1.34
203.21 27.74 22.40 26 1.49 2.15
151.25 36.81 24.72 29 1.08 1.96
185.14 25.13 21.84 10 1.44 0.95
155.39 50.21 11.12 19 1.92 2.04
193.61 35.20 14.75 34 1.08 0.68
165.23 38.86 23.24 21 0.88 2.05
153.87 40.42 18.26 26 2.41 1.22
188.33 40.83 33.77 25 2.14 2.01
205.37 46.52 34.27 23 1.72 1.50
173.26 54.94 28.48 32 1.42 2.18
190.77 49.07 16.04 33 0.76 1.63
208.88 48.44 32.10 13 1.54 1.94
201.58 35.26 21.28 34 1.71 1.68
191.61 36.58 25.64 20 1.69 2.32
163.51 54.40 11.59 19 0.54 0.53
205.89 44.18 29.40 19 1.63 1.14
201.04 25.05 16.25 17 0.98 1.29
180.13 37.39 34.45 34 2.18 2.50
182.92 30.92 11.07 30 2.04 1.20
192.51 34.60 27.93 12 0.86 1.47
170.45 43.26 13.71 31 0.58 1.33
153.00 56.74 17.61 21 1.02 0.52
161.06 42.78 21.78 22 1.62 1.54
202.77 57.90 31.06 19 1.82 2.37
169.62 55.63 23.24 29 0.74 2.28
166.57 56.95 33.43 30 1.08 0.99
199.62 50.00 15.63 17 1.63 0.75
156.84 53.69 21.02 26 2.33 2.18
172.93 52.32 15.24 24 1.91 1.82
188.47 27.03 29.44 24 1.76 2.15
155.74 38.60 30.32 30 1.60 1.45
152.31 30.52 20.00 17 1.58 2.24
160.04 54.64 32.95 32 1.26 1.61
195.72 57.49 25.09 26 0.52 2.21
179.79 33.69 31.34 27 2.07 1.68
169.53 44.80 29.31 28 2.31 0.94
177.96 36.97 32.36 15 2.17 1.75
173.07 36.08 33.42 21 1.71 0.54
183.35 31.52 20.32 18 1.95 2.31
200.54 31.36 19.44 22 1.12 2.22
176.60 38.93 18.69 12 1.03 1.66
160.27 34.03 19.73 31 0.79 0.75
195.80 38.89 14.85 15 2.02 2.27
176.36 57.45 26.47 13 2.23 0.74
154.87 43.46 32.84 26 2.06 2.11
164.49 55.67 16.17 31 0.61 1.65
182.72 42.55 12.40 23 0.51 1.12
172.34 54.27 33.87 12 1.41 2.24
181.42 39.88 30.70 27 2.32 1.11
160.67 52.98 12.24 32 0.80 2.36
201.73 35.13 32.43 28 2.13 1.36
180.38 46.88 17.18 29 2.49 2.12
199.12 58.54 30.50 25 1.65 2.35
205.89 38.97 10.16 33 1.76 1.53
200.72 49.42 10.16 30 1.60 1.07
189.59 33.59 25.39 18 2.39 1.01
197.46 36.06 28.25 11 1.85 1.04
152.58 50.43 11.14 27 0.57 1.73
156.23 25.21 29.33 18 2.19 2.15
168.22 49.61 31.67 29 1.82 1.22
158.72 43.97 30.48 15 1.61 0.61
153.81 47.94 31.35 31 2.21 1.38
169.95 29.67 26.28 34 1.11 0.91
208.55 49.21 14.29 11 1.69 0.82
196.32 48.53 16.17 27 0.63 2.28
192.27 45.67 12.80 17 1.23 0.84
162.00 59.57 29.66 31 1.34 2.15
199.45 55.01 28.28 10 1.41 2.39
174.19 46.64 11.21 18 0.56 2.04
208.25 37.89 18.88 11 0.62 1.29
200.03 30.20 18.25 31 1.80 2.49
168.31 39.75 26.69 23 1.05 2.01
191.45 37.73 10.21 15 1.87 1.76
158.32 40.74 12.69 19 1.68 2.00
194.86 29.23 32.96 12 1.38 2.22
195.13 50.10 24.14 23 1.60 1.58
187.25 34.28 31.02 32 0.62 2.28
171.86 26.09 20.98 21 0.79 0.52
166.51 48.57 26.74 21 0.71 2.30
172.38 37.88 30.31 20 1.29 1.14
163.19 52.07 21.86 32 1.06 1.05
168.33 40.16 33.86 11 0.92 2.47
160.53 35.33 11.33 22 1.27 0.77
179.46 28.35 34.10 31 2.18 2.18
182.06 51.81 27.28 13 2.00 2.07
161.23 36.59 29.99 15 0.69 2.46
194.42 47.90 32.57 34 1.67 2.30
184.40 38.72 28.35 29 0.98 1.65
158.31 35.08 29.90 33 1.10 1.01
204.79 40.78 26.50 20 0.92 1.75
151.95 52.40 13.26 23 1.69 1.06
195.55 43.74 26.57 34 1.38 0.59
195.09 35.37 21.25 25 1.73 0.91
156.31 30.09 20.41 14 1.27 1.24
180.42 56.36 31.31 30 0.95 0.73
154.98 51.44 23.59 28 1.71 2.24
199.18 34.17 13.50 10 0.70 1.58
198.09 51.72 34.59 21 2.21 1.43
179.30 53.09 28.04 10 0.77 0.64
154.33 31.87 15.74 25 2.40 2.39
165.66 48.83 18.53 19 0.57 1.96
163.01 53.97 25.21 11 0.74 0.86
157.63 47.32 12.52 24 2.08 2.13
151.70 36.93 33.45 25 0.92 0.87
171.65 52.10 10.02 10 0.73 0.66
166.63 56.49 26.73 29 2.03 1.72
166.53 46.73 19.78 10 1.95 1.90
179.57 27.16 22.70 10 1.65 1.11
183.06 40.13 15.14 22 0.97 0.94
208.85 58.47 14.19 30 1.61 2.09
199.01 38.08 25.62 25 1.68 1.48
150.14 57.57 21.35 29 1.49 2.35
180.47 56.97 32.39 27 1.81 2.18
177.06 52.18 20.08 14 1.12 1.59
159.68 35.29 18.10 17 1.88 1.75
167.06 59.29 12.81 20 0.55 0.71
183.31 43.06 12.22 16 2.21 2.30
173.79 33.93 30.44 19 1.26 1.85
159.44 36.30 33.32 23 0.56 2.40
197.13 47.24 34.03 15 1.80 0.57
187.35 52.95 23.08 17 1.00 1.18
199.69 36.81 20.40 25 1.11 1.53
187.69 55.16 19.43 24 1.60 2.44
191.83 42.63 13.18 23 0.97 0.53
188.57 34.76 22.33 20 0.64 1.37
181.13 52.23 34.99 26 1.19 2.36
177.33 38.01 15.77 19 1.81 0.56
181.11 54.31 19.16 33 0.56 1.35
188.68 50.51 21.80 17 0.61 1.18
169.93 38.78 16.25 25 0.63 1.93
181.88 29.46 13.89 10 1.69 0.50
201.60 59.92 13.25 14 2.34 2.06
178.12 47.85 33.42 21 2.07 0.71
150.62 42.28 27.56 28 1.85 0.74
161.00 47.19 30.30 23 1.15 2.17
165.53 51.86 10.94 22 2.15 0.92
168.87 50.38 23.71 30 1.11 2.50
170.94 51.51 25.28 30 0.92 2.10
197.04 50.95 11.89 21 0.60 1.78
194.32 38.96 21.48 16 2.32 1.13
194.01 27.11 18.42 23 1.22 0.60
162.61 26.70 22.43 21 1.16 2.45
173.50 57.10 34.73 16 2.24 1.59
152.51 39.96 10.90 22 1.64 1.05
196.24 49.08 14.34 23 2.22 1.82
159.38 38.08 23.69 27 1.14 1.89
158.21 33.66 21.24 28 2.18 1.64
151.76 31.53 15.24 33 2.12 1.91
177.33 29.90 33.39 11 2.40 1.63
157.34 43.58 30.41 21 1.58 1.14
199.23 41.13 19.38 24 1.29 1.06
198.52 35.14 33.77 26 2.45 0.75
165.68 31.09 27.07 32 1.07 0.84
185.29 36.12 19.77 12 2.30 1.97
186.01 29.03 11.97 22 2.22 2.26
194.34 26.37 18.73 24 1.48 1.43
208.09 59.07 20.40 31 2.21 2.37
175.43 32.41 22.99 23 0.85 1.27
206.06 40.32 11.68 14 1.66 0.62
166.21 40.94 16.56 20 1.58 1.64
175.77 45.62 12.32 11 1.52 2.07
204.05 35.78 17.59 27 1.80 0.72
163.58 30.79 27.78 16 1.18 2.07
193.01 32.26 25.09 24 1.22 1.70
151.72 29.63 32.93 23 2.44 2.26
165.39 51.05 26.58 14 2.37 2.33
163.17 55.50 32.37 21 0.68 2.07
183.41 30.54 16.66 34 0.53 1.93
189.64 50.08 13.25 34 0.57 0.68
152.53 55.78 33.78 31 1.56 0.73
206.27 52.38 12.01 21 2.01 2.34
179.30 50.34 31.61 25 2.43 1.59
185.24 45.95 28.99 33 2.03 1.56
195.32 26.97 15.87 23 2.15 0.60
188.41 42.05 16.41 25 1.50 1.09
209.18 30.67 26.16 33 1.78 2.04
202.43 57.07 12.17 18 0.98 1.58
198.32 26.66 33.53 25 1.89 0.93
189.79 29.02 14.36 24 2.15 0.81
192.44 35.44 34.08 20 2.33 1.18
197.98 41.59 19.79 10 2.24 2.42
180.72 25.42 32.33 28 2.40 1.66
166.38 25.27 28.39 33 2.17 1.50
155.06 43.44 33.21 17 1.94 1.78
187.32 53.08 24.58 19 1.88 0.55
186.14 40.11 31.58 29 1.81 1.37
191.10 33.42 17.20 23 1.60 0.51
208.66 41.55 19.23 33 1.69 1.80
164.99 54.85 31.05 20 0.85 2.11
152.43 32.95 26.85 30 0.82 1.44
197.11 28.43 12.69 23 0.75 0.63
204.38 34.46 24.61 20 0.52 2.27
194.31 56.75 17.75 18 1.62 0.51
192.26 32.42 10.45 30 2.20 1.58
185.92 49.11 22.41 14 1.12 0.76
200.57 35.51 13.36 19 1.90 0.78
171.05 52.79 28.00 10 1.59 1.38
183.66 25.82 24.46 33 2.41 1.91
176.32 58.37 30.20 26 0.62 0.81
192.74 44.02 10.38 11 2.29 2.36
170.44 38.85 11.05 12 0.69 1.93
194.21 43.08 20.70 23 1.36 1.63
157.77 57.38 32.01 26 0.62 1.12
187.73 31.69 26.00 27 0.71 1.62
204.31 32.04 25.91 31 1.55 0.89
161.21 49.74 18.20 21 0.95 2.43
180.33 52.77 16.65 17 0.86 0.99
182.62 35.36 19.60 19 1.35 1.81
158.82 30.75 23.77 21 0.79 1.38
174.45 31.53 19.44 33 2.41 0.71
176.74 36.85 11.28 11 1.55 1.67
189.26 40.89 30.81 34 0.51 2.02
154.54 38.09 20.30 21 0.89 1.82
180.77 32.62 33.16 12 2.14 1.67
172.67 53.05 12.62 17 0.78 1.48
202.04 29.17 31.29 26 0.69 1.94
182.19 55.64 14.68 22 2.01 2.14
174.30 33.93 20.81 28 2.10 2.43
174.86 41.67 20.56 15 1.56 1.26
171.63 58.34 18.49 34 1.28 1.36
192.02 46.32 25.77 12 1.51 0.57
186.34 52.46 11.53 10 1.29 1.21
153.16 31.88 24.13 32 0.60 1.86
175.45 49.06 32.44 18 0.50 1.03
198.06 50.30 26.15 22 1.13 1.02
194.89 42.18 14.70 21 1.46 0.69
155.05 30.36 19.67 12 2.18 1.97
152.57 25.82 22.92 13 1.19 0.88
180.07 50.59 32.46 10 1.98 1.61
169.78 41.37 26.92 33 0.69 1.71
161.78 25.30 10.88 14 2.18 0.91
204.69 54.34 23.16 26 2.05 1.30
177.63 49.50 32.90 12 1.06 2.21
186.31 53.98 33.56 14 0.86 1.20
174.72 33.24 32.95 28 1.66 1.66
205.10 42.90 20.34 29 0.82 1.49
174.16 32.43 14.10 32 0.51 1.47
205.53 35.78 32.67 16 1.61 0.76
153.02 39.49 18.10 13 0.97 1.80
193.05 32.74 21.97 27 2.20 0.50
189.16 26.11 22.40 14 1.40 1.38
206.86 40.06 27.33 23 1.91 0.61
160.06 58.52 30.94 21 1.94 0.65
150.65 34.30 15.68 24 0.90 1.14
189.68 54.97 29.72 10 2.07 1.77
155.38 31.62 34.38 14 0.88 2.33
181.99 40.17 14.01 17 0.99 2.28
177.51 49.42 15.18 23 1.52 2.16
205.09 57.68 20.90 15 1.10 0.75
200.38 55.54 24.49 21 1.80 2.27
171.80 57.00 30.68 14 1.74 0.55
189.39 35.40 15.08 14 0.84 1.95
159.33 33.37 30.97 33 0.64 2.49
182.44 26.83 24.53 13 1.12 1.83
197.03 37.60 31.98 19 2.03 1.09
199.07 30.96 15.43 15 2.09 2.41
182.70 32.80 30.01 15 2.33 2.43
207.80 26.33 28.26 34 1.36 1.64
193.78 39.35 19.57 26 0.79 1.16
193.59 54.88 16.43 23 1.79 1.79
171.16 56.93 15.08 16 1.58 1.27
152.16 36.81 21.22 28 0.63 0.81
181.04 35.21 11.20 20 1.88 2.42
180.22 52.60 14.35 31 1.84 0.50
163.49 45.00 15.02 29 1.34 0.80
200.72 36.79 32.89 27 0.76 1.26
205.00 35.14 17.00 16 2.14 0.55
181.17 50.42 12.09 19 1.29 0.62
200.14 36.83 22.43 26 2.13 0.93
167.55 32.09 12.02 11 0.81 2.29
164.38 47.87 19.07 22 0.79 1.59
189.52 36.53 17.32 29 1.58 1.90
207.07 57.26 14.76 20 0.57 1.03
160.18 36.41 31.11 10 1.77 2.42
183.38 26.34 15.46 15 1.64 2.24
203.32 33.62 16.75 21 0.65 2.38
197.48 48.48 22.75 20 1.03 1.98
198.46 45.14 15.01 13 1.34 0.70
150.42 39.77 23.17 26 0.94 1.72
171.33 40.29 16.39 12 0.68 1.00
197.76 58.23 21.13 27 0.80 1.76
153.52 54.66 25.68 31 0.68 2.41
178.10 40.55 29.32 13 1.53 0.51
190.35 28.94 33.38 30 0.89 0.58
205.49 25.52 16.93 33 2.26 2.40
200.02 52.23 20.87 16 0.84 1.48
207.70 43.95 13.88 11 1.12 0.65
197.65 26.39 15.28 10 2.24 1.50
156.81 36.99 26.20 22 1.49 0.83
202.38 43.93 21.06 14 1.86 2.42
200.58 26.85 16.32 22 1.17 1.82
153.48 51.90 32.32 11 2.28 2.42
203.11 46.40 18.50 20 0.91 2.46
174.23 39.48 17.14 13 1.27 2.25
203.75 44.43 18.58 28 1.50 0.93
187.05 57.93 30.57 13 1.08 2.37
191.20 51.47 25.01 20 2.19 1.23
158.82 28.65 12.26 14 0.92 2.03
158.10 53.18 14.53 29 1.85 2.41
151.99 52.23 16.52 16 0.58 1.59
209.02 26.60 26.65 16 1.20 0.69
159.59 34.00 27.55 29 1.90 1.64
171.47 58.94 11.53 24 0.56 1.95
159.82 34.48 28.96 20 1.16 2.46
159.07 42.51 20.94 18 1.11 1.10
198.57 33.52 10.74 22 1.50 2.34
182.02 44.49 25.08 19 1.77 1.92
157.28 51.33 30.83 23 0.83 0.73
187.43 26.53 11.01 12 1.55 1.94
173.95 54.19 25.61 20 0.91 0.75
169.18 39.36 23.35 25 1.06 1.14
189.12 35.93 29.66 34 0.78 0.72
150.83 51.50 18.70 34 1.80 1.88
197.39 48.80 32.45 13 0.69 0.78
187.61 35.39 25.42 24 1.12 1.25
180.19 54.71 13.51 25 1.82 1.41
203.45 57.98 16.89 18 0.90 0.62
187.42 56.11 29.12 15 0.62 1.22
202.32 43.69 14.11 19 1.25 2.39
192.38 40.62 23.93 20 2.32 1.10
176.87 51.72 10.04 31 0.94 0.62
206.57 27.79 11.07 17 2.06 1.45
190.60 37.49 34.25 21 2.33 2.46
150.39 53.62 16.80 20 2.19 1.84
153.10 48.22 11.29 20 2.01 1.07
187.45 41.04 22.99 32 1.34 1.94
197.72 33.69 26.09 24 2.11 1.55
209.72 26.49 25.73 22 1.62 0.98
183.84 49.19 29.91 26 2.33 2.33
166.56 50.46 31.28 31 1.36 1.14
177.20 43.36 26.04 10 1.36 0.88
172.91 32.83 17.64 24 1.04 2.16
206.97 28.75 18.44 33 2.00 0.96
176.99 30.10 21.10 26 0.89 1.33
179.50 46.18 18.09 22 1.78 0.99
157.54 29.38 28.50 11 1.00 1.27
202.60 56.29 20.42 27 1.87 1.58
205.73 36.11 17.19 24 1.78 0.99
202.91 57.08 27.25 13 2.21 1.22
163.81 59.45 27.52 16 2.38 2.35
179.43 30.66 29.01 19 1.94 1.92
200.83 38.06 32.25 12 0.63 1.35
195.65 37.89 19.45 34 2.06 1.42
182.30 45.51 28.05 17 1.89 1.21
195.85 46.85 25.34 20 1.81 2.06
188.18 55.25 25.93 11 1.90 1.71
178.82 25.45 23.07 23 2.46 1.94
197.90 36.96 19.40 20 1.96 0.76
177.59 41.57 32.95 30 1.63 2.25
172.99 55.21 28.36 26 1.28 2.04
194.18 48.96 24.63 25 1.07 1.71
153.25 32.97 16.63 27 1.10 0.64
207.28 43.01 33.21 24 2.03 2.44
186.81 43.54 15.29 28 1.20 1.53
201.59 50.84 34.85 19 1.04 0.64
175.73 54.33 19.86 25 1.92 2.29
152.75 54.28 11.92 10 1.46 1.76
169.31 47.41 15.63 19 1.20 1.71
190.90 40.13 26.48 26 1.06 0.91
166.51 52.45 25.00 34 0.71 2.04
187.40 39.60 10.12 12 1.47 1.22
190.40 25.89 30.57 12 1.24 1.64
154.12 53.59 29.19 10 1.03 0.65
175.54 56.25 13.29 22 1.96 1.22
183.56 34.97 30.35 30 2.37 0.73
195.13 27.25 26.00 17 2.42 0.80
209.86 58.45 31.03 17 1.25 1.37
197.06 32.06 18.80 21 0.57 1.11
175.01 37.20 25.12 17 1.69 0.79
208.87 46.68 25.49 24 2.45 2.37
185.68 35.11 10.53 28 0.64 0.72
154.45 35.51 28.21 32 1.18 1.55
200.78 30.09 27.17 26 1.03 1.99
170.11 58.30 33.55 17 1.21 2.29
209.38 36.68 33.04 10 0.93 1.98
178.04 30.23 16.89 25 2.44 1.00
209.25 35.79 23.16 25 0.59 1.56
206.63 27.09 19.26 20 0.59 1.94
160.87 58.61 19.49 29 2.30 1.77
161.73 51.50 13.76 13 1.51 1.10
190.69 49.81 27.14 12 1.05 2.17
156.11 47.52 27.21 14 1.33 0.80
195.73 32.34 17.04 20 0.53 1.52
150.02 55.76 10.89 18 1.75 1.19
197.32 27.05 23.82 27 2.13 1.24
199.10 28.56 19.75 14 0.71 0.87
195.02 55.35 24.80 12 0.87 0.91
205.21 55.82 11.29 25 1.79 1.17
201.04 57.12 32.76 23 2.35 0.99
202.33 34.81 27.44 21 0.89 1.30
150.41 50.29 21.14 21 1.98 1.21
159.50 31.05 12.86 12 1.00 0.93
192.79 36.30 24.50 23 2.39 2.27
200.34 33.41 10.80 20 0.89 1.95
198.33 58.67 14.80 27 1.99 1.43
197.77 54.05 10.05 17 1.49 1.82
207.77 37.59 11.86 10 0.68 0.76
188.42 51.62 32.15 24 0.82 2.37
151.07 45.00 29.29 10 2.05 2.28
187.52 26.37 13.04 34 0.75 1.38
179.55 58.01 34.34 17 1.49 2.30
197.75 49.51 13.69 16 0.50 1.89
185.60 50.51 15.65 12 1.52 0.99
176.06 44.59 20.06 30 1.00 0.79
198.19 41.70 16.83 21 1.20 1.98
204.82 46.78 10.65 33 0.98 1.25
181.06 28.50 16.33 30 1.93 0.75
185.32 27.32 24.77 23 2.29 1.32
155.40 46.98 19.71 16 0.91 0.89
202.99 36.16 17.63 32 2.14 1.62
195.59 44.62 32.09 22 1.17 0.98
206.22 31.66 30.07 26 0.61 2.07
151.92 54.85 11.39 10 2.28 1.02
177.22 41.36 26.82 14 0.89 1.32
165.58 26.81 31.60 32 1.83 1.27
177.22 33.36 24.52 24 1.85 1.51
173.22 38.16 17.39 22 1.67 2.25
189.95 47.03 30.51 13 2.14 1.10
202.97 39.40 34.89 22 2.17 1.91
151.80 41.45 14.62 19 1.05 2.00
203.40 59.94 12.10 10 1.33 1.97
188.07 28.72 28.32 33 1.07 1.34
181.52 45.11 14.11 34 0.77 2.14
183.57 57.52 11.05 24 1.55 1.70
154.82 41.02 25.27 20 1.88 2.16
181.89 34.26 17.67 21 1.79 1.93
199.97 53.34 22.85 13 1.16 1.95
172.78 26.35 29.30 26 1.72 1.17
154.99 56.58 34.37 15 0.81 0.61
159.28 42.64 22.96 25 1.06 1.31
207.82 26.53 19.44 19 1.54 2.42
185.85 31.19 14.65 17 1.84 2.17
186.38 57.61 15.79 15 2.20 2.00
166.65 41.67 20.85 33 2.07 1.40
152.58 25.09 27.51 10 2.09 0.68
203.76 25.29 10.03 29 0.53 0.71
171.77 36.01 22.21 14 2.35 1.52
163.05 31.63 17.23 10 0.97 0.83
153.53 49.49 25.22 24 0.63 1.20
204.89 48.05 21.59 34 0.71 1.02
162.54 39.27 18.93 12 1.59 1.89
182.06 28.11 10.24 21 2.12 2.29
164.42 35.16 17.43 22 1.37 1.83
174.18 41.31 10.61 27 2.28 2.45
203.89 33.52 11.54 19 0.99 2.25
175.77 30.30 11.89 13 1.77 1.27
192.50 26.73 13.23 24 2.47 1.93
158.17 53.18 27.61 31 1.41 2.01
156.06 42.84 10.83 24 2.09 1.97
188.42 59.91 19.66 31 1.24 1.25
192.20 54.25 13.09 11 2.07 2.26
193.77 55.08 19.22 26 0.81 0.51
163.64 55.59 11.13 14 1.56 1.71
201.11 44.91 28.71 24 1.10 1.40
199.67 43.97 26.11 32 0.65 0.94
155.34 30.15 11.60 21 0.82 1.02
176.18 52.67 33.09 25 0.77 1.84
208.12 57.47 22.90 31 1.59 0.84
154.84 35.21 17.46 10 1.22 0.99
154.04 51.76 18.19 29 0.64 1.63
165.02 46.60 30.16 28 1.20 0.60
192.19 38.02 18.39 13 1.76 1.75
171.95 26.12 21.74 21 2.34 1.05
209.77 55.42 22.37 34 0.52 2.19
187.56 30.10 13.61 14 0.77 1.01
156.39 40.01 26.09 33 1.47 1.11
156.22 52.57 28.15 11 1.35 2.42
203.96 36.76 27.84 30 2.35 2.08
180.03 29.19 32.47 22 0.90 1.99
192.88 50.25 20.50 14 0.84 0.53
163.80 52.21 15.23 14 0.86 2.35
154.29 32.72 18.52 21 1.37 0.61
197.85 30.62 13.16 19 1.47 0.62
192.17 53.35 20.33 22 1.24 0.91
192.49 25.80 33.20 14 0.99 0.59
164.72 45.83 34.41 30 2.47 1.19
191.59 48.27 33.33 26 1.36 2.08
168.24 53.19 26.61 14 2.43 2.27
176.40 45.91 24.49 25 1.23 1.02
191.99 27.63 27.52 15 0.80 1.72
177.88 39.74 14.47 14 0.87 2.20
175.09 54.92 23.34 25 1.87 1.75
167.11 32.09 26.53 34 2.46 1.63
180.67 44.12 26.18 10 1.11 1.54
177.98 46.58 29.93 14 1.75 2.02
177.08 39.44 20.59 22 0.96 1.91
188.42 48.61 30.49 13 1.06 2.38
161.25 25.25 15.83 29 1.69 2.25
158.51 28.33 21.99 15 0.93 0.54
191.63 31.85 31.24 24 1.08 2.33
160.38 46.82 22.93 18 0.67 1.36
171.27 33.44 34.67 27 1.13 0.73
188.05 28.94 34.42 14 1.79 0.84
207.65 42.76 32.91 25 1.21 1.74
193.45 33.24 15.09 34 2.39 1.94
155.77 28.03 27.19 33 0.89 1.84
150.06 56.67 21.32 19 1.19 1.77
183.32 26.14 13.55 24 1.16 0.66
200.74 52.60 22.77 29 1.11 1.92
186.32 57.66 34.00 23 0.94 1.83
176.92 54.10 23.64 19 1.84 0.58
198.45 41.33 17.18 24 0.92 1.76
193.04 50.63 26.55 21 0.72 1.72
195.82 30.66 23.00 31 2.33 1.29
205.39 35.19 17.17 15 1.43 1.47
153.16 25.07 17.19 23 2.39 1.85
181.59 36.04 30.29 30 1.89 0.59
193.22 37.16 20.31 33 2.02 1.39
203.42 38.25 23.41 29 1.11 0.52
175.14 52.17 31.75 18 0.97 0.82
169.37 28.52 10.62 28 1.18 1.59
190.55 25.19 21.89 13 0.83 2.38
193.59 54.66 17.04 10 0.51 0.98
167.07 53.59 27.69 27 2.08 1.44
150.77 32.01 21.49 22 1.04 0.74
202.31 39.49 22.42 10 1.91 1.11
192.06 53.08 20.51 17 2.12 1.45
162.61 32.64 30.47 25 1.30 1.25
201.54 46.21 20.27 34 0.79 0.76
203.50 54.17 28.32 29 2.43 1.38
150.32 39.19 28.45 22 2.23 0.77
172.52 55.97 19.50 21 2.20 1.47
187.69 28.60 32.70 16 0.76 0.89
201.50 47.09 24.46 23 1.99 2.16
186.69 40.55 17.26 24 1.09 1.22
187.19 41.15 26.54 11 1.35 1.26
172.49 51.81 34.04 29 0.88 2.39
197.13 44.97 32.40 28 1.45 2.15
192.76 37.73 24.85 19 2.49 1.99
151.32 53.48 30.40 10 1.75 1.11
188.04 52.72 14.74 11 0.94 0.88
162.84 56.18 32.80 32 0.72 1.07
173.76 49.22 33.68 31 0.64 2.26
200.93 52.86 32.56 20 2.18 1.83
186.56 46.12 34.03 25 0.62 1.39
160.59 53.22 12.78 30 1.09 0.86
182.14 45.26 20.11 29 1.38 2.10
156.43 30.25 26.11 12 0.59 1.87
205.13 33.27 16.71 31 1.74 2.18
151.33 26.75 27.93 30 0.68 2.30
154.19 59.23 31.33 11 0.51 2.34
151.02 34.66 11.57 17 1.17 1.33
183.63 30.17 28.51 31 0.65 1.21
151.53 43.34 33.65 24 0.72 2.34
195.03 28.56 24.68 18 1.55 0.69
182.00 40.21 29.90 33 2.06 0.56
193.91 56.99 29.40 25 2.29 2.31
194.82 50.66 10.61 25 1.06 2.39
197.90 44.92 19.79 19 2.43 1.37
178.39 42.13 34.36 28 2.44 0.67
152.90 39.34 10.14 16 0.85 0.91
185.07 43.28 13.95 11 1.74 2.08
197.05 41.65 24.32 30 1.61 2.33
172.46 55.21 34.48 21 1.08 0.74
177.54 45.90 25.37 12 0.53 2.45
194.04 32.93 12.06 23 0.92 0.73
180.96 29.06 21.69 27 1.10 2.43
173.37 51.74 10.82 20 0.78 2.16
167.38 30.11 29.81 33 2.30 1.26
161.90 56.27 15.58 29 2.12 1.84
181.43 41.81 22.54 11 1.72 0.65
180.79 34.22 14.85 14 2.02 1.89
192.66 57.36 18.56 30 2.22 2.07
167.74 40.06 33.31 22 1.99 1.04
175.29 48.71 28.45 12 2.34 1.77
181.50 56.09 29.43 23 2.25 1.96
182.85 48.45 11.17 34 2.24 1.94
204.47 35.79 32.86 20 1.53 0.83
179.99 30.29 25.55 17 1.24 1.43
203.89 55.66 33.43 20 2.03 2.17
158.20 26.77 14.63 22 1.95 1.74
202.00 45.59 26.64 28 2.10 2.34
204.12 36.65 18.55 29 1.34 2.11
205.46 41.37 22.89 33 2.45 1.13
151.57 53.87 23.70 21 1.26 1.98
152.36 45.61 13.02 31 2.06 1.64
152.92 58.55 21.92 30 0.56 1.94
207.06 49.87 27.20 14 2.16 0.78
171.89 32.94 21.86 21 2.44 1.12
173.57 37.63 29.21 32 1.31 0.70
195.96 50.57 18.56 23 1.98 1.91
203.13 31.80 19.85 18 2.34 1.35
178.58 27.99 24.41 14 1.57 2.21
197.73 46.99 19.87 30 0.69 0.67
166.03 52.22 16.88 31 1.01 2.30
195.62 55.73 30.04 26 1.98 1.01
185.35 53.97 19.69 26 0.81 0.94
161.46 25.71 31.75 11 0.54 2.44
190.26 52.73 31.62 14 1.38 0.91
177.79 37.37 19.82 17 1.75 2.23
208.58 58.86 25.27 25 1.40 0.90
203.91 28.96 15.57 26 1.22 2.24
184.76 40.60 32.14 32 1.97 2.03
201.68 44.33 19.12 13 0.89 0.87
175.83 55.88 30.91 10 1.08 1.25
195.57 59.57 18.38 22 0.95 2.13
151.65 32.36 10.71 20 0.51 0.63
198.41 56.56 33.13 18 2.44 1.28
177.53 30.82 23.14 19 0.53 1.51
175.11 37.80 25.54 29 1.93 1.33
205.73 43.89 21.46 33 0.99 0.69
197.00 33.83 30.51 18 1.04 1.30
190.57 43.77 23.40 34 0.75 1.69
168.45 40.19 22.63 26 1.86 2.08
163.82 57.61 16.46 25 1.90 1.17
201.07 36.27 31.04 16 0.89 2.45
175.75 42.02 32.37 13 0.93 1.53
171.28 53.55 11.47 32 0.90 1.96
172.91 49.91 31.73 23 2.14 1.65
169.96 32.43 25.83 30 1.88 1.14
198.76 46.66 33.62 17 0.54 1.94
173.23 57.93 12.48 32 1.33 1.54
187.08 39.17 28.55 32 0.58 0.99
183.57 31.83 19.03 13 1.62 2.37
152.77 51.54 11.08 27 1.56 0.53
177.04 47.73 12.51 24 1.79 1.10
159.51 41.59 13.80 12 1.43 1.03
185.72 41.45 11.06 14 1.30 1.58
194.18 26.97 33.59 28 2.19 2.28
151.64 50.72 22.59 31 1.36 2.45
178.43 58.49 22.87 25 2.01 0.90
155.07 34.16 28.15 15 2.16 2.14
158.72 54.17 28.94 33 2.24 2.22
169.80 41.11 13.50 17 2.46 2.37
186.36 26.95 30.81 25 2.36 1.68
207.46 52.55 15.49 27 1.45 1.30
175.39 28.54 19.61 22 1.44 1.24
152.13 59.48 23.66 19 0.73 0.93
169.39 26.66 20.15 30 1.21 1.15
167.89 51.07 27.51 14 0.69 1.81
182.38 57.81 21.74 34 1.73 1.75
150.97 38.70 12.39 29 2.01 2.17
159.04 56.81 25.22 32 1.63 2.36
180.72 56.08 29.76 13 2.14 2.28
204.61 39.35 28.50 13 1.13 2.47
186.20 26.62 14.86 19 1.42 2.25
176.33 36.86 25.30 17 2.06 1.65
178.49 59.62 28.89 29 1.23 2.42
180.85 41.44 16.40 24 1.83 2.04
199.29 35.75 12.79 22 0.64 1.63
174.55 54.07 21.46 21 0.93 1.01
173.93 51.52 11.07 27 0.90 2.12
209.20 46.87 27.57 32 1.40 1.63
193.77 26.60 12.43 14 1.69 1.53
196.51 58.50 28.39 30 0.61 1.29
183.49 39.67 26.53 15 0.55 0.71
184.84 53.78 30.79 14 0.67 2.31
197.31 28.97 32.60 28 0.94 2.02
180.63 34.61 18.17 29 0.87 1.16
197.01 41.08 23.46 13 0.64 1.12
158.77 26.96 33.12 28 1.06 1.44
207.71 48.77 34.44 11 1.81 1.05
203.71 25.91 34.17 24 0.60 2.41
154.86 34.53 20.95 22 1.59 1.49
189.58 59.57 22.01 20 2.14 0.66
205.95 47.82 29.78 30 1.97 1.89
199.72 32.87 15.10 10 1.03 1.44
150.14 39.43 18.24 22 0.94 0.86
207.86 41.51 12.64 33 2.01 1.89
170.51 56.13 10.55 25 1.35 2.14
156.49 59.71 13.33 31 1.09 1.42
164.25 47.75 27.97 28 0.59 2.50
203.36 47.42 24.44 18 2.37 0.87
160.25 59.97 28.28 29 0.87 1.80
150.54 35.99 24.62 13 1.19 1.24
191.58 44.53 29.61 33 1.97 1.48
176.40 48.55 26.59 15 0.85 1.57
166.02 44.44 10.05 31 2.15 0.71
202.08 50.82 27.28 34 1.19 1.46
150.39 57.98 25.86 26 1.86 2.07
151.75 41.35 10.28 26 1.44 1.21
185.19 58.82 32.03 33 1.13 1.66
167.29 50.61 33.86 31 0.59 0.50
177.75 50.57 31.24 23 2.03 0.59
205.57 36.18 13.79 11 0.62 1.02
177.40 46.25 20.88 27 1.87 1.48
159.91 51.02 18.61 27 1.94 1.30
178.68 47.07 22.50 13 1.06 2.27
180.32 38.92 10.83 19 1.10 0.50
163.67 36.21 29.13 21 1.45 0.70
158.45 59.28 22.47 18 2.38 1.61
189.27 27.12 32.17 23 1.72 0.75
180.49 25.92 19.52 11 0.59 1.40
185.11 33.21 11.92 32 2.21 0.71
207.71 34.23 20.16 28 1.30 1.26
176.86 51.15 18.87 22 2.24 1.75
173.08 49.97 18.32 22 1.70 1.18
190.55 31.23 12.11 30 2.30 2.14
166.24 42.52 17.98 19 1.17 2.41
178.24 55.28 15.72 18 0.76 0.62
196.43 45.85 17.16 28 2.27 2.07
199.08 43.38 29.26 14 1.75 1.63
185.29 31.29 12.75 16 2.28 2.30
157.80 38.95 10.45 10 2.43 2.19
184.57 44.05 11.38 23 2.25 1.57
169.97 27.13 29.33 31 2.02 1.33
157.74 48.50 14.85 23 0.73 2.37
153.62 48.04 29.50 12 1.34 0.72
198.64 47.29 12.46 32 2.49 1.47
168.99 46.78 16.72 31 2.34 1.52
194.92 39.54 18.47 22 1.19 2.29
191.48 35.17 24.86 34 0.83 1.36
207.46 42.39 30.19 25 2.49 2.26
168.55 34.41 33.51 26 0.59 1.68
170.49 38.26 18.12 29 1.81 0.87
195.71 26.79 21.67 15 1.24 0.83
204.86 48.11 13.48 28 1.57 1.03
166.64 46.00 17.40 19 2.25 1.34
164.36 48.84 19.64 21 0.98 1.28
166.99 39.06 25.65 16 1.75 1.84
198.88 40.56 22.17 29 1.26 0.59
205.99 33.98 10.38 11 2.03 1.09
169.93 39.74 11.59 17 1.03 1.58
207.79 47.84 16.19 33 2.44 0.96
168.40 32.70 21.17 20 0.73 2.20
162.54 39.92 17.43 25 1.80 2.03
199.50 28.34 22.37 22 1.78 2.00
175.78 54.00 27.13 19 1.02 2.34
162.34 52.72 12.35 20 0.82 2.27
189.57 59.49 17.46 33 1.38 1.09
155.25 53.23 32.81 20 1.97 2.00
183.83 49.18 27.27 13 2.46 2.06
180.92 30.54 28.44 11 1.50 1.69
173.51 36.60 25.76 23 0.75 2.44
179.56 33.84 16.80 27 2.48 2.45
197.90 49.35 24.38 34 1.10 0.63
187.26 31.51 13.34 14 2.44 2.12
182.89 48.72 23.97 10 2.38 0.54
181.03 37.56 25.52 18 2.35 2.11
206.40 25.30 19.95 31 1.23 1.20
185.70 58.38 29.07 11 2.36 1.74
153.45 26.28 13.18 30 2.18 0.86
191.08 49.75 19.87 33 0.51 0.61
186.48 59.30 30.36 32 1.85 2.13
175.14 46.59 27.95 23 2.03 0.96
196.72 56.20 27.85 21 1.69 1.02
160.42 48.94 17.79 32 2.33 2.16
169.65 50.17 30.75 28 0.67 0.51
199.73 38.10 28.03 22 2.40 0.55
195.29 54.49 28.38 27 1.12 2.21
166.33 46.71 11.83 27 1.70 2.27
157.28 34.92 29.18 20 0.86 1.13
196.35 32.71 22.42 32 0.89 1.61
194.97 43.85 19.90 14 1.81 1.78
204.94 58.32 13.85 26 1.95 0.55
184.43 51.31 16.51 28 1.84 1.67
182.19 46.11 27.59 27 1.19 1.88
197.00 25.31 28.16 24 1.72 1.79
202.51 44.80 18.25 26 2.25 1.02
196.37 38.31 17.45 30 1.43 0.55
164.58 59.54 24.27 30 0.66 1.96
181.74 42.80 17.09 19 1.57 1.37
183.96 43.45 25.39 25 0.70 0.88
152.52 47.03 23.29 30 0.75 2.07
196.81 33.47 14.95 34 0.75 1.68
187.72 36.71 26.80 16 1.10 1.75
171.50 29.44 24.76 31 0.90 2.30
153.92 42.88 21.77 12 1.18 2.47
181.83 32.02 28.76 12 1.33 2.30
166.59 56.33 12.91 10 2.27 1.84
190.76 51.58 24.61 23 2.17 2.08
165.04 56.74 31.46 16 0.75 1.53
187.62 43.58 17.54 13 1.61 1.92
152.04 51.11 30.50 20 0.75 2.10
167.22 52.83 26.38 23 2.13 0.67
179.16 32.75 20.37 11 1.28 2.15
161.12 49.39 22.04 11 1.35 1.61
154.84 35.91 23.96 25 2.47 0.63
168.25 38.69 27.88 24 1.89 0.69
156.93 57.46 16.88 11 1.60 1.73
158.49 44.48 17.96 11 2.07 0.56
156.43 45.91 15.95 27 1.67 2.36
189.69 58.04 34.43 27 0.56 1.10
184.45 35.25 32.87 16 2.29 0.74
189.74 54.79 30.85 29 2.00 2.09
171.05 30.41 34.55 22 2.31 2.02
164.25 36.48 29.95 31 2.27 2.30
204.54 37.35 22.17 22 2.12 1.20
182.22 56.82 33.50 23 1.50 1.53
190.76 27.32 31.09 33 1.02 0.93
153.61 45.81 27.15 10 1.45 2.44
179.41 58.63 19.09 32 0.69 1.60
180.23 32.59 24.87 27 0.68 0.82
202.60 35.40 28.53 20 1.61 1.27
150.49 27.84 13.88 20 1.61 2.01
194.42 28.47 13.20 25 2.49 1.94
164.26 31.43 12.29 13 0.83 2.01
170.93 55.18 19.94 18 2.45 1.91
200.67 47.84 24.85 20 2.28 1.06
197.28 45.78 29.13 15 1.91 2.29
186.88 34.20 32.73 23 1.54 1.42
157.42 35.56 30.12 16 1.43 2.31
151.14 58.09 24.55 18 1.34 2.17
155.18 55.60 10.60 10 1.19 0.74
196.07 38.52 28.15 11 1.12 1.64
209.66 41.98 30.54 10 2.07 0.72
198.40 42.80 32.80 12 1.54 1.51
150.33 39.19 11.41 32 2.13 2.08
180.88 32.64 22.59 28 2.06 1.01
196.82 41.27 12.00 31 1.38 1.13
151.06 46.72 11.75 29 2.29 2.05
179.44 43.22 14.49 17 2.48 0.99
209.13 36.50 22.97 32 1.28 2.03
202.40 29.97 33.05 23 2.02 1.22
202.73 56.92 14.60 32 0.59 2.35
175.43 40.91 29.98 22 1.60 1.19
192.18 58.64 18.37 12 0.86 2.13
183.46 25.28 23.45 18 1.47 1.73
172.55 49.83 13.00 30 1.16 1.85
182.04 42.59 30.24 33 1.64 2.26
176.49 48.43 18.73 13 0.94 2.28
157.36 27.42 25.97 31 0.65 0.52
163.05 43.24 32.33 15 1.64 2.20
196.72 41.75 33.85 25 0.62 1.61
156.84 27.42 10.62 21 1.61 1.92
152.44 54.53 22.60 30 1.67 1.75
195.88 26.17 16.89 21 1.02 0.64
161.21 29.95 14.45 12 0.72 2.38
205.05 38.11 22.23 26 1.36 0.68
188.64 49.96 14.50 18 1.35 1.42
191.06 35.44 18.18 21 0.90 0.73
173.43 58.55 24.51 30 1.16 0.55
162.11 57.08 22.01 20 1.01 1.34
208.49 28.05 32.86 14 0.99 0.70
164.32 50.80 29.15 21 1.06 0.57
156.97 48.88 18.95 13 1.98 1.25
182.39 48.74 25.32 25 0.57 0.51
165.51 44.12 14.95 33 2.04 2.40
162.09 58.37 13.84 11 0.78 1.93
179.80 47.58 11.53 32 1.09 1.49
179.08 59.59 23.39 12 2.02 0.53
188.36 57.06 27.44 22 2.29 1.80
177.83 56.40 34.21 11 1.35 2.13
168.62 35.78 12.06 19 0.91 1.19
201.26 28.30 26.88 28 0.55 1.97
188.86 55.92 27.39 25 2.16 1.35
181.14 53.07 30.41 14 1.32 2.43
182.17 55.04 30.33 34 1.00 1.91
187.98 29.47 18.57 15 1.06 2.33
174.24 59.12 21.99 18 1.64 2.46
193.42 46.17 34.52 23 0.82 1.54
172.36 51.42 24.83 12 1.91 1.99
200.67 25.44 33.30 17 0.59 1.26
167.65 30.62 29.33 11 1.46 1.81
173.52 25.59 12.95 18 1.63 1.00
162.13 42.77 27.04 21 1.74 1.61
161.13 58.98 33.65 17 2.45 0.90
160.36 36.48 24.40 19 2.32 2.41
163.07 55.39 28.41 18 1.25 1.28
205.07 40.68 10.52 25 1.60 1.49
185.65 46.11 18.68 19 0.74 0.72
203.63 31.59 19.57 11 2.27 1.92
204.08 56.30 23.76 11 1.57 1.07
153.83 41.98 22.49 28 2.49 1.63
190.41 32.08 16.01 32 0.96 2.43
161.73 53.47 19.68 12 0.50 2.40
178.32 53.57 16.63 23 1.53 1.76
156.12 54.38 15.13 25 0.71 0.89
162.58 26.71 15.64 29 2.43 2.20
155.07 57.32 16.15 22 1.46 1.95
204.16 27.87 20.13 32 1.42 1.53
169.44 58.14 17.33 29 2.47 0.86
176.49 45.91 13.90 18 1.39 1.06
198.94 47.07 28.01 29 2.48 1.57
197.45 49.25 13.45 18 0.92 1.09
181.40 29.25 32.08 19 0.64 0.65
208.17 51.94 24.70 32 1.15 1.44
186.71 36.54 21.47 24 1.02 1.49
209.03 37.87 16.81 23 0.83 1.49
201.68 43.08 21.28 27 2.36 2.22
197.61 36.92 12.69 28 2.43 1.85
165.16 38.62 31.87 15 1.54 1.45
